FILENAME	t1_1	t1_2	t1_3	t1_4	t1_5	t1_6	t1_7	t1_h4	t1_h7	t1_2	t1_3	t1_	t2_1	t2_2	t2_3	t2_4	t2_5	t2_6	t2_7	t2_h7	t2_3	t3_1	t3_2	t3_3	t3_4	t3_5	t3_6	t3_7	t3_h4	t3_1	t3_2	t3_3	t3_	t4_1	t4_2	t4_3	t4_4	t4_5	t4_6	t4_7	t4_6	t4_	t5_1	t5_2	t5_3	t5_4	t5_5	t5_6	t5_7	t5_F4	t5_h4	t5_h7	t5_4	t5_6	t5_	t6_1	t6_2	t6_3	t6_4	t6_5	t6_6	t6_7	t6_F4	t6_b	t6_6	t6_	t7_1	t7_2	t7_3	t7_4	t7_5	t7_6	t7_7	t7_h4	t7_7	tF4_1	tF4_6	tb_4	th4_3	th4_5	th4_6	th4_h4	th7_1	th7_5	th7_7	th7_h7	t1_1	t4_4	t7_5	t2_2	t2_4	t2_2	t2_1	t3_2	t3_4	t3_5	t3_3	t6_1	t6_6	t6_6	t6_1	t1_1	t1_3	t_3	t_4	t_5	t_6	t_7
Abhogi_D1T1txtdeg	6024	6024	0	0	0	12048	0	0	0	0	0	0	6024	9639	241	241	0	241	0	0	0	0	4819	8434	4819	0	0	0	0	0	0	0	0	1205	0	7229	3614	0	241	0	0	0	0	0	0	0	0	0	0	0	0	0	0	0	0	10843	241	0	3614	0	3614	0	0	0	0	0	0	0	0	0	0	0	0	0	0	0	0	0	0	0	0	0	0	0	0	0	0	0	0	0	0	0	0	0	0	0	0	0	0	0	0	0	0	0	0	0	0	0
Ahir_bhairav_D1T3txtdeg	0	146	0	073	0	073	292	0	0	0	0	0	365	219	146	0	0	0	146	0	0	0	292	073	5839	219	0	0	0	0	0	0	0	0	0	8029	292	6569	073	073	0	0	0	0	146	5839	438	7299	073	0	0	0	0	0	0	073	0	0	219	5839	365	7299	0	0	0	0	219	219	0	073	073	7299	219	0	0	0	0	0	0	0	0	0	0	0	0	0	0	0	0	0	0	0	0	0	0	0	0	0	0	0	0	0	0	0	0	0	0	0
Alhaiya_bilaval_D1T4txtdeg	0	4762	0	0	0	4762	0	0	0	0	0	0	4762	0	14286	0	0	0	0	0	0	0	14286	9524	0	9524	0	0	0	0	0	0	0	0	0	4762	0	0	0	0	0	0	0	0	4762	4762	0	4762	0	0	0	0	0	0	0	0	0	0	0	4762	4762	4762	0	0	0	0	4762	0	0	0	0	0	0	0	0	0	0	0	0	0	0	0	0	0	0	0	0	0	0	0	0	0	0	0	0	0	0	0	0	0	0	0	0	0	0	0	0	0
Asavari_D1T5txtdeg	241	3614	0	1205	0	0	7229	0	0	1205	0	0	6024	241	0	1205	0	0	0	0	0	0	241	4819	0	0	0	0	0	0	0	0	0	0	0	241	0	7229	0	0	0	0	0	1205	0	1205	3614	1205	6024	0	0	0	0	0	0	241	0	0	4819	241	7229	241	0	0	1205	0	4819	0	0	0	0	10843	3614	0	0	0	0	0	0	0	0	0	0	0	0	0	0	0	0	0	1205	1205	0	0	0	0	0	0	1205	1205	0	0	0	0	0	0	0	0
Bageshri_D1T6txtdeg	2871	2392	1914	2392	0	1435	5263	0	0	0	0	0	4785	2871	1435	0	0	0478	0478	0	0	2392	4306	7177	3349	0	0478	0	0	0	0	0	0	0	0	5263	3349	1435	2871	1914	0	0	0	0	0	2392	0957	0957	0478	0	0	0	0	0	0	0957	0	1914	2871	1435	5742	5263	0478	0	0	0	4785	0478	0	0478	0957	6699	3828	0	0	0478	0	0	0	0	0	0	0	0	0	0	0	0	0	0	0	0	0	0	0	0	0	0	0	0	0	0	0	0	0	0	0	0
Bahar_D1T7txtdeg	1075	2151	2151	2151	0	0	8602	0	0	0	0	0	4301	1075	1075	0	0	0	0	0	0	2151	2151	2151	10753	0	0	1075	0	0	0	0	0	0	1075	11828	1075	1075	0	4301	0	0	0	0	0	4301	7527	0	0	0	0	0	1075	0	0	1075	0	0	0	0	1075	4301	0	0	0	0	7527	0	1075	0	4301	5376	1075	0	0	0	0	0	0	0	0	0	0	0	0	0	0	1075	0	0	0	0	0	0	0	0	0	0	0	0	0	0	0	0	0	0	0	0
Basant_D1T8txtdeg	11594	2899	1449	0725	0	2174	2174	0	0	0	0	0	3623	2899	2899	2174	0	0	2899	0	0	0	6522	3623	5072	0	0	0725	0	0	0	0	0	0	0	7971	3623	1449	5072	0	0	0	0	0	0	4348	2174	0	0	0	0	0	0	0	0	2899	0	0	2174	2899	0725	2899	0	0	0	0	2899	2174	0	0	0	3623	3623	0	0	0	0	0	0	0	0	0	0	0	0	0	0	0	0	0	0	0	0	0	0	0	0	0	0	0	0	0	0	0	0	0	0	0
Bhairav_D1T9txtdeg	8661	315	1575	1575	0	1575	3937	0	0	0	0	0	5512	3937	3937	0	0	0	0	0	0	2362	3937	1575	6299	0	0	0	0	0	0	0787	0	0	0787	6299	315	7874	0	0	0787	0	0	0	1575	5512	0787	3937	0	0	0	0	0	0787	0	2362	0	0	2362	315	315	0787	0	0	0	0	1575	1575	0	0	0	1575	0787	0	0	0	0	0	0	0	0	0	0	0	0	0	0	0	0	0	0	0	0	0	0	0787	0	0	1575	0	0	0	0	0	0	0	0	0
Bhairavi_D1T10txtdeg	5674	4255	6383	0	0709	0	4255	0	0	0	0	0	6383	0709	2837	0	0	0	2128	0	0	2837	5674	3546	3546	2128	0	0709	0	0	0	0	0	0	0709	2128	0709	4255	0	0709	0	0	0	0	2128	3546	3546	6383	2128	0	0	0	0	0	0	2837	0	0	0709	5674	0	0709	0	0	0	0	3546	0709	1418	0	1418	3546	1418	0	0	0	0	0	0	0	0	0	0	0	0	0	0	0	0	0	0	0	0	0	0	0	0	0	0	0	0	0	0	0	0	0	0	0
Bhatiyar_D1T11txtdeg	4688	1563	0	3125	0	0	1563	0	0	0	0	0	1563	1563	0	0	0	0	1563	0	0	1563	1563	1563	0	4688	0	0	1563	0	0	0	0	0	0	3125	625	0	3125	1563	0	0	0	0	4688	4688	1563	4688	0	0	3125	0	0	0	0	1563	0	0	0	10938	625	3125	0	0	0	0	1563	0	0	0	0	625	4688	0	0	0	0	0	1563	1563	1563	1563	0	0	0	0	0	0	0	0	0	0	0	0	0	0	0	0	0	0	0	0	0	0	0	0	0	0
Bhimpalasi_D1T12txtdeg	0	0	2632	2632	0	0	7895	0	0	0	0	0	2632	2632	0	0	0	0	0	0	0	0	2632	2632	13158	2632	0	0	0	0	0	0	0	2632	0	13158	0	13158	0	0	0	0	5263	0	2632	13158	0	0	0	0	0	0	0	0	0	0	0	0	0	2632	0	0	0	0	0	0	2632	0	0	0	2632	2632	0	0	0	0	0	0	0	0	0	0	0	0	0	0	0	0	0	0	0	0	0	0	0	0	0	0	0	0	0	0	0	0	0	0	0	0
Bhupal_todi_D1T13txtdeg	7143	5952	4762	0	119	4762	0	0	0	119	0	0	9524	7143	5952	0	0	0	0	0	0	2381	9524	119	0	5952	0	0	0	0	0	0	0	0	0	0	0	119	0	0	0	0	0	0	5952	119	0	3571	0	0	0	0	0	2381	0	4762	0	0	0	4762	3571	0	0	0	0	0	0	0	0	0	0	0	0	0	0	0	0	0	0	0	0	0	0	0	0	0	0	0	0	0	0	0	119	0	0	0	0	0	119	0	119	119	119	0	0	0	0	0
Bhupali_D1T14txtdeg	2469	4938	1235	0	2469	11111	0	0	0	0	0	0	6173	4938	7407	0	0	1235	0	0	0	1235	7407	4938	0	7407	0	0	0	0	0	0	0	0	0	0	0	0	0	0	0	0	3704	1235	7407	0	3704	3704	0	0	0	0	0	0	0	8642	1235	0	0	6173	1235	0	0	0	0	0	0	0	0	0	0	0	0	0	0	0	0	0	0	0	0	0	0	0	0	0	0	0	0	0	0	0	0	0	0	0	0	0	0	0	0	0	0	0	0	0	0	0
Bibhas_D1T15txtdeg	3704	7407	1852	0	0	7407	0	0	0	0	0	0	5556	0	9259	0	0	0	0	0	0	1852	7407	5556	0	11111	1852	0	0	0	0	0	0	0	0	0	0	0	0	0	0	0	0	0	9259	0	3704	5556	0	0	0	0	0	0	0	9259	0	1852	0	3704	3704	0	0	0	0	0	0	0	0	0	0	0	0	0	0	0	0	0	0	0	0	0	0	0	0	0	0	0	0	0	0	0	0	0	0	0	0	0	0	0	0	0	0	0	0	0	0	0
Bihag_D1T16txtdeg	1282	0	3205	0	1923	0	7692	0641	0	0	0	0	5128	0	0	0	0	0	0	0	0	1282	4487	2564	3205	4487	0	0	3846	0	0	0	0	0	0	4487	1923	1923	0641	0	0	0	1282	0	1923	3846	7692	0	7051	0	1923	0	0	0	0	0	0	0	0	1923	0	0	0	0	0	0	641	0641	1282	0	4487	1282	1923	1282	0	0	0	0	641	1282	0	0641	0	0	0	0	0	0	0	0	0	0	0	0	0	0	0	0	0	0	0	0	0	0	0	0	0	0
Bilaskhani_todi_D1T17txtdeg	6061	404	101	0	0	101	6061	0	0	0	0	0	303	6061	8081	101	0	0	101	0	0	0	8081	202	0	7071	0	0	0	101	101	0	0	0	0	5051	0	0	0	0	0	0	0	0	202	101	0	101	404	0	0	0	0	0	0	5051	0	0	303	101	404	101	0	0	101	0	202	0	101	0	0	9091	0	0	0	0	0	0	0	0	0	0	0	0	0	0	101	0	0	101	0	0	0	0	0	0	0	101	0	0	0	0	0	0	0	0	0	0
Brindabani_sarang_D1T18txtdeg	3968	4762	0	1587	1587	0	3175	0	0794	0	0	0	3968	5556	0	873	0794	0	0794	2381	0	0	0	0	0	0	0	0	0	0	0	0	0	0	11111	0	0	5556	0	0	0	0	0794	0	0	6349	2381	0	7143	0	0	3175	0	0	0	0	0	0	0	0	0	0	0	0	0	0	2381	0794	0	0	873	0	3968	0	0	0	0	0	0	0	0	0	4762	0794	0794	3175	0	0	0	0	0	0	0	0	0	0	0	0	0	0	0	0	0	0	0	0	0	0
Chandrakauns_D2T1txtdeg	3261	0	3261	4348	0	0	7609	0	0	0	0	0	0	0	0	0	0	0	0	0	0	5435	0	0	1087	0	0	0	0	0	0	0	0	0	0	11957	3261	0	4348	2174	0	0	0	0	0	0	0	0	0	0	0	0	0	0	0	3261	0	1087	3261	0	5435	7609	0	0	0	0	6522	0	0	0	0	1087	5435	0	0	0	0	0	0	0	0	0	0	0	0	0	0	0	0	0	0	0	0	0	0	0	0	0	0	0	0	0	0	0	0	0	0	0
Chayanat_D2T2txtdeg	6122	102	3061	0	0	102	4082	0	0	0	0	0	5102	3061	6122	2041	0	0	102	0	0	0	8163	2041	10204	102	0	0	0	0	0	0	0	0	3061	7143	102	2041	102	102	0	0	2041	0	3061	2041	8163	0	0	0	0	0	0	0	0	0	0	0	0	102	4082	2041	0	0	0	0	3061	2041	0	0	2041	102	0	0	0	0	0	0	0	0	0	0	0	0	0	0	0	0	0	0	0	0	0	0	0	0	0	0	0	0	0	0	0	0	0	0	0	0
Desh_D2T4txtdeg	0752	4511	0	1504	0	0752	9774	0	0	0	0	0	3759	1504	1504	3759	0752	0	1504	0	0	0	5263	1504	0752	0	0	0752	0	0	0	0	0	0752	0752	5263	0752	3008	1504	0	0	0	0752	0752	0	3759	1504	3759	3759	0	0	0	0	0	0	2256	0	0	1504	8271	0752	0	0	0	0	0	9774	0	0	0	0752	6015	6015	0	0	0	0	0	0	0	0	0	0	0	0	0	0	0	0	0	0	0	0	0	0	0	0	0	0	0	0	0	0	0	0	0	0	0
Deshi_D2T5txtdeg	625	4167	4167	2083	0	0	4167	0	0	0	0	0	10417	0	4167	0	2083	0	0	0	0	0	10417	2083	0	0	0	0	0	0	0	0	0	0	2083	2083	2083	4167	2083	0	0	0	0	0	0	8333	0	4167	2083	0	0	0	0	0	0	0	0	0	0	625	2083	0	0	0	0	0	4167	0	0	0	2083	0	8333	0	0	0	0	0	0	0	0	0	0	0	0	0	0	0	0	0	0	0	0	0	0	0	0	0	0	0	0	0	0	0	0	0	0	0
Dhani_D2T6txtdeg	1639	0	4918	0	1639	0	4918	0	0	0	1639	0	0	0	0	0	0	0	0	0	0	6557	0	8197	6557	1639	0	1639	0	0	0	0	0	0	0	4918	3279	8197	0	1639	0	0	0	0	4918	6557	3279	0	8197	0	0	0	0	0	0	0	0	0	0	0	0	0	0	0	0	0	8197	0	1639	0	8197	0	0	0	0	0	0	0	0	0	0	0	0	0	0	0	0	0	0	0	0	0	0	0	1639	0	0	0	0	0	0	0	0	0	0	0	0	0
Durga_D2T7txtdeg	0	0	0	3846	0	11538	0	0	0	0	0	0	3846	0	0	11538	7692	0	0	0	0	0	0	0	0	0	0	0	0	0	0	0	0	0	19231	0	0	0	3846	0	0	0	0	3846	0	7692	0	3846	0	0	0	0	0	0	0	11538	0	0	0	7692	3846	0	0	0	0	0	0	0	0	0	0	0	0	0	0	0	0	0	0	0	0	0	0	0	0	0	0	0	0	0	0	0	0	0	0	0	0	0	0	0	0	0	0	0	0	0	0	0
Gaud_malhar_D2T8txtdeg	2762	3315	0	1105	0	221	2762	0	0	0	0	0	3315	1657	221	2762	2762	0	221	0	0	0	4972	0552	7182	0	0	0	0	0	0	0	0	0	3315	9392	221	2762	0552	0552	0	0	0	0	0552	4972	4972	3315	0	0	0	0	0	0	0	0	0	0	0552	0552	2762	8287	0	0	0	0	6077	1657	0	0	2762	3315	1657	0	0	0	0	0	0	0	0	0	0	0	0	0	0	0	0	0	0	0	0	0	0	0	0	0	0	0	0	0	0	0	0	0	0	0
Gaud_sarang_D2T9txtdeg	2439	0	7317	0	0	0	0	0	0	0	0	0	2439	0	0	9756	0	0	0	0	0	4878	12195	2439	7317	4878	0	0	0	0	0	0	0	0	0	19512	0	7317	0	0	0	0	0	0	2439	9756	2439	0	0	0	0	0	0	0	2439	0	0	0	0	0	0	0	0	0	0	0	0	0	0	0	0	0	0	0	0	0	0	0	0	0	0	0	0	0	0	0	0	0	0	0	0	0	0	0	0	0	0	0	0	0	0	0	0	0	0	2439	0	0
Gorakh_kalyan_D2T10txtdeg	566	3774	0	0943	0	4717	283	0	0	0	0	0943	0943	566	0	7547	0	0	283	0	0	0	0	0	0	0	0	0	0	0	0	0	0	1887	7547	0	283	1887	3774	0	0	0	0	0	0	1887	0	3774	0	0	0	0	0	0	0	8491	0	0	4717	3774	7547	3774	0	0	0	0	1887	0	0	0	0	7547	1887	0	0	0	0	0	0	0	0	0	0	0	0	0	0	0	0	0	0	0	0	0	0	0	0	0	0	0	0	0	0	0	0	0	0943	0
Gujari_todi_D2T11txtdeg	8333	0	0	0	0	8333	0	0	0	0	0	0	8333	125	0	0	0	0	0	0	0	0	4167	0	8333	0	0	0	0	0	0	0	0	0	0	8333	0	0	8333	0	0	0	0	0	0	0	0	0	0	0	0	0	0	0	0	4167	0	4167	4167	0	125	0	0	0	0	4167	0	0	0	0	0	0	0	0	0	0	0	0	0	0	0	0	0	0	0	0	0	0	0	0	0	0	0	0	0	0	0	0	0	0	0	0	0	0	4167	0	0	0
Gunakri_D2T12txtdeg	2778	4167	0	0	1389	5556	0	0	0	0	0	0	4167	4167	0	4167	4167	1389	0	0	0	0	0	0	0	0	0	0	0	0	0	0	0	0	6944	0	5556	9722	1389	0	0	0	1389	1389	0	13889	6944	4167	0	0	0	0	0	0	0	5556	1389	0	0	5556	4167	0	0	0	0	0	0	0	0	0	0	0	0	0	0	0	0	0	0	0	0	0	0	0	0	0	0	0	0	0	0	0	0	0	0	0	0	0	0	0	0	0	0	0	0	0	0	0
Hamir_D2T13txtdeg	0	1538	0	1538	0	0	4615	0	0	0	0	0	2308	0	2308	0	1538	0	0769	0	0	0	1538	6154	6154	1538	0769	0	0	0	0	0	0	0	2308	4615	0	3846	0769	3077	0	0	0	0769	3077	5385	9231	0769	0769	0	0	0	0	0	0	0769	0	0	0769	2308	5385	7692	0	0	0	0	3846	0769	0	0769	2308	9231	0769	0	0	0	0	0	0	0	0	0	0	0	0	0	0	0	0	0	0	0	0	0	0	0	0	0	0	0	0	0	0	0	0	0	0	0
Hansadhvani_D2T14txtdeg	25	375	125	125	25	0	125	0	0	0	0	0	0	0	875	0	25	0	375	0	0	0	1125	5	0	875	0	0	0	0	0	0	0	125	0	0	0	125	0	0	0	0	625	0	875	125	5	0	625	0	0	0	0	0	0	0	0	0	0	0	0	0	0	0	0	0	25	0	125	0	75	0	625	0	0	0	0	0	0	0	0	0	0	0	0	0	0	0	0	0	0	0	0	0	0	0	0	0	0	0	0	0	0	0	0	0	0	0
Hindol_D2T15txtdeg	10084	0	10924	0	0	8403	0	0	0	0	0	0	0	0	0	0	0	0	0	0	0	8403	0	5042	7563	0	1681	0	0	0	0	0	0	2521	0	6723	5882	0	5042	1681	0	0	0	0	0	0	0	0	0	0	0	0	0	0	0	8403	0	0	7563	0	8403	0	0	0	0	0	0	0	0	084	0	084	0	0	0	0	0	0	0	0	0	0	0	0	0	0	0	0	0	0	0	0	0	0	0	0	0	0	0	0	0	0	0	0	0	0	0	0
Jaijaivanti_D2T16txtdeg	3911	1676	0559	0	1117	0	3352	0	0	0	0	0	1676	10615	5028	0	0	0	3911	0	0	0559	3911	2793	6704	0559	0	0	0	0	0	0	0	0	1676	5028	2235	2235	0	1117	0	0	0559	1117	1117	2793	4469	2793	1117	0	0	0	0	0	0	0	0559	0	0559	3352	3911	3352	0	0	0	0	3352	2235	0	0	2235	5028	2793	0	0	0	0	0	0	0	0	0	0	0	0	0	0	0	0	0	0	0	0	0	0	0	0	0	0	0	0	0	0	0	0	0	0	0
Jhinjhoti_D2T18txtdeg	3365	3846	1442	0	0962	0962	2885	0	0	0	0	0	5769	0962	3365	2885	0	0	0481	0	0	0962	7212	1923	1442	0	0	0	0	0	0	0	0	0	0481	4327	2404	2885	0481	0	0	0	0	0	0	2404	2885	7692	1442	0481	0	0	0	0	0	3365	0962	0481	1442	625	5288	3846	0	0	0	0	0481	0	0	0	1923	625	5288	0	0	0	0481	0	0	0	0	0	0	0	0	0	0	0	0	0	0	0	0	0	0	0	0	0	0	0	0	0	0	0	0	0	0	0
Jog_D3T1txtdeg	1266	0	12658	0422	0422	0	6329	0	0	0	0	0	0	0	0	0	0	0	0	0	0	6329	0	3376	1097	0844	0	1688	0	0	0	0	0	2532	0	2954	1688	7173	0	1266	0	0422	1688	0	2954	2954	3376	0	8439	0	0	0	0	0	0	0	0	0	0	0	0	0	0	0	0	0	9705	0	1266	0	6751	0	211	0	0	0	0	0	0	0	0	0	0	0	0	0	0	0	0	0	0	0	0	0	0	0	0	0	0	0	0	0	0	0	0	0422	0	0
Jogiya_D3T2txtdeg	6494	1299	0	0	0	0	7792	0	0	2597	0	0	3896	1299	0	1299	0	0	0	0	0	0	2597	2597	6494	0	0	0	0	0	0	0	0	0	0	6494	2597	7792	0	0	0	1299	0	0	0	5195	7792	3896	0	0	0	0	0	1299	0	1299	0	1299	1299	2597	5195	0	0	0	0	0	5195	0	0	0	0	2597	0	0	0	0	0	0	0	0	0	0	0	0	0	0	0	0	0	1299	1299	1299	0	0	0	0	0	1299	0	1299	0	0	0	1299	0	0	0	0
Kafi_D3T3txtdeg	3061	2041	0	102	0	102	6122	0	0	0	0	0	3061	3061	3061	7143	0	0	0	0	0	0	7143	0	102	0	0	0	0	0	0	0	0	0	3061	3061	3061	6122	102	0	0	0	2041	102	102	4082	102	4082	102	0	0	0	0	0	0	3061	0	0	0	8163	4082	3061	0	0	0	0	102	0	102	0	0	8163	3061	0	0	0	0	0	0	0	0	0	0	0	0	0	0	0	0	0	0	0	0	0	0	0	0	0	0	0	0	0	0	0	0	0	0	0
Kamod_D3T4txtdeg	0962	3846	0	0962	0962	0962	1923	0	0	0	0	0962	5769	2885	0	0962	3846	0	0962	0	0	0	0	5769	6731	0	0	0	0	0	0	0	0	0	6731	0	0	4808	2885	0	0	0	1923	0	6731	4808	13462	1923	0	0	0	0	0	0	0	0	0	0	0	5769	2885	2885	0	0	0	0	2885	0962	0	0	0	2885	0	0	0	0	0	0	0	0	0	0	0	0	0	0	0	0	0	0	0	0	0	0	0	0	0	0	0	0	0	0	0	0	0	0	0	0962
Kedar_D3T5txtdeg	5618	2247	0	2247	1124	2247	4494	0	0	0	0	0	3371	2247	0	0	0	0	1124	0	0	0	1124	0	2247	0	1124	0	0	0	0	0	0	0	1124	4494	3371	4494	3371	1124	0	0	1124	0	0	10112	11236	3371	0	0	0	0	0	0	0	2247	0	0	0	8989	5618	1124	0	0	0	0	5618	0	0	0	0	2247	1124	0	0	0	0	0	0	0	0	0	0	0	0	0	0	0	0	0	0	0	0	0	0	0	0	0	0	0	0	0	0	0	0	0	0	0
Khamaj_D3T6txtdeg	2326	0	3101	0	0775	0	5426	0	0	0	0	0	0	0775	155	0	0	0	0	0	0	0	155	6977	8527	155	0	2326	0	0	0	0	0	0	0	6977	0775	3101	0775	0775	0	0	0	0	155	0775	2326	10078	0775	0	0	0	0	0	0	155	0	0775	2326	5426	3876	6202	0	0	0	0	7752	0	0	0	2326	5426	155	0	0	0	0	0	0	0	0	0	0	0	0	0	0	0	0	0	0	0	0	0	0	0	0	0	0	0	0	0	0	0	0	0	0	0
Kirvani_D3T7txtdeg	6818	5682	2273	0	1136	2273	2273	0	0	0	0	0	4545	3409	9091	0	0	0	2273	0	0	2273	9091	0	2273	2273	0	0	0	0	0	0	0	0	1136	2273	0	3409	0	0	0	0	1136	0	2273	2273	1136	4545	1136	0	0	0	0	0	0	1136	0	0	1136	4545	4545	3409	0	0	0	0	4545	0	0	1136	0	3409	1136	0	0	0	0	0	0	0	0	0	0	0	0	0	0	0	0	0	0	0	0	0	0	0	0	0	0	0	0	0	0	0	0	0	0	0
Lalit_D3T8txtdeg	11236	2247	0	0	0	0	1124	0	0	0	0	0	2247	2247	3371	0	0	0	3371	0	0	0	3371	3371	10112	0	0	0	0	0	0	0	0	0	0	10112	22472	0	5618	0	0	0	0	0	0	0	0	0	0	0	0	0	0	0	0	1124	0	0	5618	0	3371	1124	0	0	0	0	1124	3371	0	0	0	2247	1124	0	0	0	0	0	0	0	0	0	0	0	0	0	0	0	0	0	0	0	0	0	0	0	0	0	0	0	0	0	0	0	0	0	0	0
Madhuvanti_D3T9txtdeg	3125	0	0	625	0	0	625	0	0	0	0	0	625	625	0	0	0	0	0	0	0	3125	3125	0	3125	3125	0	0	0	0	0	0	3125	0	0	125	125	625	0	0	0	0	0	0	0	9375	0	0	0	0	0	0	0	0	0	0	0	0	0	0	0	0	0	0	0	0	3125	3125	0	0	0	0	625	0	0	0	0	0	0	0	0	0	0	0	0	0	0	0	0	0	0	0	0	0	0	0	0	0	0	0	0	0	0	3125	0	0	0	0
Manj_khamaj_D3T11txtdeg	3636	4545	0	0	0	1818	3636	0	0	0	0	0	5455	0	4545	0909	0	0	0	0	0	0	5455	0	0909	6364	0	0	0	0	0	0	0	0	0	6364	0	2727	0	0	0	0	0	0	0909	6364	0909	9091	0909	0	0	0	0	0	0	0	0	1818	0909	7273	4545	7273	0	0	0	0	3636	0909	0	0	0909	6364	1818	0	0	0	0	0	0	0	0	0	0	0	0	0	0	0	0	0	0	0	0	0	0	0	0	0	0	0	0	0	0	0	0	0	0	0
Maru_bihag_D3T12txtdeg	0	6977	6977	2326	0	0	4651	0	0	0	0	0	11628	2326	0	0	0	0	0	0	0	2326	4651	4651	6977	0	0	2326	0	0	0	0	0	0	0	9302	2326	6977	0	0	0	0	0	0	0	4651	2326	0	2326	0	0	0	0	0	2326	0	0	0	0	0	0	0	0	0	0	0	9302	0	0	0	0	0	2326	0	0	0	0	0	0	0	0	0	0	0	0	0	0	0	0	0	0	0	0	0	0	0	0	0	0	0	0	0	0	0	2326	0	0	0
Marva_D3T13txtdeg	1538	1538	0	0	0	0	1538	0	0	0	0	0	4615	1538	4615	0	0	3077	6154	0	0	0	7692	1538	6154	0	0	0	0	0	0	0	0	0	0	7692	9231	0	6154	0	0	0	0	0	0	0	0	0	0	0	0	0	0	0	0	0	0	1538	6154	0	3077	6154	0	0	0	0	0	9231	0	1538	0	4615	4615	0	0	0	0	0	0	0	0	0	0	0	0	0	0	0	0	0	0	0	0	0	0	0	0	0	0	0	0	0	0	0	0	0	0	0
Megh_D3T14txtdeg	4688	3125	0	3125	0	0	7813	0	0	0	0	0	9375	125	0	0	4688	0	0	0	0	0	0	0	0	0	0	0	0	0	0	0	0	0	4688	0	1563	3125	0	1563	0	0	1563	625	0	625	14063	0	0	0	0	0	0	0	0	0	0	0	0	0	0	0	0	0	0	0	3125	0	0	0	625	0	625	0	0	0	0	0	0	0	0	0	0	0	0	0	0	0	0	0	0	0	0	0	0	0	0	0	0	0	0	0	0	0	0	0	0	0
Miyan_ki_malhar_D3T15txtdeg	2381	4762	0	119	119	119	4762	0	0	0	0	0	5952	119	0	2381	3571	0	119	0	0	0	2381	0	7143	0	0	0	0	0	0	0	0	0	4762	9524	5952	2381	0	0	0	0	0	0	0	3571	119	0	3571	0	0	0	0	0	0	0	0	0	0	0	0	7143	0	0	0	0	7143	119	0	2381	0	5952	5952	0	0	0	0	0	0	0	0	0	0	0	0	0	0	0	0	0	0	0	0	0	0	0	0	0	0	0	0	0	0	0	0	0	0	0
Miyan_ki_todi_D3T16txtdeg	2817	5634	1408	0	0	0	4225	0	0	0	0	0	5634	9859	9859	0	0	0	0	0	0	1408	8451	2817	7042	0	0	0	0	0	0	0	0	0	1408	4225	2817	0	5634	0	0	0	0	0	0	2817	1408	0	0	0	0	0	0	0	0	0	0	1408	1408	2817	2817	4225	0	0	0	0	4225	0	0	0	0	4225	1408	0	0	0	0	0	0	0	0	0	0	0	0	0	0	0	0	0	0	0	0	0	0	0	0	0	0	0	0	0	0	0	0	0	0	0
Multani_D3T17txtdeg	11538	3846	7692	0	0	0	0	0	0	0	0	0	7692	0	0	0	0	0	0	0	0	0	3846	3846	15385	0	0	0	0	0	0	0	0	3846	0	11538	3846	3846	3846	0	0	0	0	0	0	7692	3846	0	0	0	0	0	0	0	0	0	0	0	0	3846	0	0	0	0	0	0	3846	0	0	0	0	0	0	0	0	0	0	0	0	0	0	0	0	0	0	0	0	0	0	0	0	0	0	0	0	0	0	0	0	0	0	0	0	0	0	0	0	0
Nayaki_kanada_D3T18txtdeg	2632	15789	0	0	0	0	10526	0	0	0	0	0	15789	5263	0	2632	0	0	0	0	7895	0	0	0	0	0	0	0	0	0	0	0	0	2632	2632	0	2632	2632	0	0	0	0	0	0	0	2632	0	0	0	0	0	0	0	0	0	0	0	0	0	0	0	0	0	0	0	0	10526	0	0	0	0	0	2632	0	0	0	0	0	0	0	0	0	0	0	0	0	0	0	0	0	0	0	0	5263	2632	0	5263	0	0	0	0	0	0	0	0	0	0	0
Patdip_D3T19txtdeg	0	0	3125	3125	0	0	625	0	0	0	0	0	0	0	0	0	0	0	0	0	0	0	0	3125	9375	625	0	0	0	0	0	0	0	0	0	125	625	125	0	0	0	0	3125	0	0	125	0	0	3125	0	0	0	0	0	0	0	0	0	0	3125	3125	0	0	0	0	0	625	0	0	0	0	3125	3125	0	0	0	0	0	0	0	0	0	0	0	0	0	0	0	0	0	0	0	0	0	0	0	0	0	0	0	0	0	0	0	0	0	0	0
Pilu_D3T20txtdeg	3	2	35	0	05	1	55	0	0	0	0	05	45	05	2	7	0	0	0	0	0	15	65	45	25	0	0	0	0	0	0	0	0	0	4	25	05	55	05	0	0	0	0	1	25	3	1	15	55	0	0	0	0	0	0	05	0	0	0	65	1	2	0	0	0	0	7	0	0	0	05	6	25	0	05	0	0	0	0	0	0	0	0	0	0	0	0	0	05	0	0	0	0	0	0	0	0	0	0	0	0	0	0	0	0	0	0	05
file6deg	4706	0	9412	1176	0	2353	9412	0	0	0	0	1176	0	0	0	0	0	0	0	0	0	7059	0	2353	4706	0	0	2353	0	0	0	0	0	1176	0	3529	1176	0	2353	2353	0	0	0	0	0	0	0	0	0	0	0	0	0	0	0	1176	0	1176	3529	0	4706	5882	0	0	0	0	14118	0	0	0	0	7059	5882	0	0	0	0	0	0	0	0	0	0	0	0	0	0	0	0	0	0	0	0	0	0	0	0	0	0	0	0	0	0	0	0	0	0	1176
file7deg	1911	6369	0	0637	0637	2548	7643	0	0	0	0	0	4459	1274	0637	1911	0	0	3185	0	0	0637	0637	0637	0637	0	0	0	0	0	0	0	0	0637	1274	0637	0637	9554	0	0637	0	0	4459	1911	0637	5732	1911	0637	1911	0	0	0	0	0	0	0	0	0	0637	0637	1911	7643	0	0637	0	0	828	0	0	2548	4459	6369	1911	0	0	0	0	0637	0	0	0	0	0	0	0	0	0	0	0	0	0	0	0	0	0	0	0	0	0	0	0	0	0	0	0	0	0	0
puriyatxtdeg	2899	0	0	0	0	0	7246	0	0	0	0	0	4348	0	4348	0	0	0	1449	0	0	0	4348	2899	10145	0	0	0	0	0	0	0	0	0	0	8696	4348	0	7246	0	0	0	0	0	0	0	0	0	0	0	0	0	0	0	0	1449	0	1449	1449	0	2899	10145	0	0	0	0	2899	5797	0	4348	0	5797	5797	0	0	0	0	0	0	0	0	0	0	0	0	0	0	0	0	0	0	0	0	0	0	0	0	0	0	0	0	0	0	0	0	0	0	0
puriya_dhanashritxtdeg	6107	1527	0	0	0	229	3817	0	0	0	0	0	3053	0	6107	1527	0	0763	229	0	0	0763	687	229	6107	0	0763	0763	0	0	0	0	0	0	0	916	0	3053	5344	0	0	0	0	0	0	687	3053	0763	0	0	0	0	0	0	0	229	0763	0	229	458	0	3817	0	0	0	0	229	458	0	0763	0	3817	1527	0	0	0	0	0	0	0	0	0	0	0	0	0	0	0	0	0	0	0	0	0	0	0	0	0	0	0	0	0	0	0	0	0	0	0
puriya_kalyantxtdeg	5195	1299	0	0	0	0	5195	0	0	0	0	0	3896	1299	6494	1299	0	0	3896	0	0	0	6494	7792	6494	0	0	1299	0	0	0	0	0	1299	0	7792	0	0	5195	0	0	0	0	0	0	2597	0	0	0	0	0	0	0	0	0	0	0	0	2597	1299	0	5195	0	0	0	0	2597	7792	0	1299	1299	3896	6494	0	0	0	0	0	0	0	0	0	0	0	0	0	0	0	0	0	0	0	0	0	0	0	0	0	0	0	0	0	0	0	0	0	0	0
purvitxtdeg	1587	0	0	0	0	0	1587	0	0	0	0	0	1587	1587	14286	1587	0	0	1587	0	0	0	9524	0	11111	1587	0	4762	0	0	0	0	0	0	1587	11111	3175	1587	3175	0	0	0	0	0	1587	4762	1587	0	0	0	0	0	0	0	0	0	0	0	0	3175	0	1587	0	0	0	0	1587	7937	0	0	0	1587	4762	0	0	0	0	0	0	0	0	0	0	0	0	0	0	0	0	0	0	0	0	0	0	0	0	0	0	0	0	0	0	0	0	0	0	0
rageshritxtdeg	297	099	495	0495	0	198	4455	0	0	0	0	0	297	099	0495	0	0	0	1485	0	0	0495	3465	3465	11881	0	0	0	0	0	0	0	0	2475	0	8416	2475	0	396	198	0	0	0	0	0	0	0	0	0	0	0	0	0	0	0	0495	0	1485	3465	0	4455	8416	0	0	0	0	6931	0495	0495	0495	0	7921	495	0	0	0	0	0	0	0	0	0	0	0	0	0	0	0	0	0	0	0	0	0	0	0	0	0	0	0	0	0	0	0	0	0	0	0
ramkalitxtdeg	2439	2439	0	0	0	0	2439	0	0	0	0	0	2439	0	4878	2439	0	0	0	0	0	0	4878	4878	9756	2439	0	0	0	0	0	0	0	0	4878	7317	4878	9756	2439	0	0	0	0	0	2439	12195	2439	2439	0	0	0	0	0	0	0	0	0	0	0	4878	4878	0	0	0	0	0	2439	0	0	0	0	0	0	0	0	0	0	0	0	0	0	0	0	0	0	0	0	0	0	0	0	0	0	0	0	0	0	0	0	0	0	0	0	0	0	0	0	0
shahanatxtdeg	2591	3109	0518	1554	0518	0518	6218	0	0	0	0	0	5699	0518	0518	0	0	0	0	0	0	0	2073	2591	6218	0	0	0	0	0	0	0	0	0	0	6736	2073	2073	3627	1036	0	0	2073	0	0	5699	4663	1554	1554	0	0	0	0	0	0	0518	0	0518	0	2591	3109	8808	0	0	0	0	4145	1036	0	0	5699	6736	3109	0	0	0	0	0	0	0	0	0	0	0	0	0	0	0	0	0	0	0	0	0	0	0	0	0	0	0	0	0	0	0	0	0	0	0
shankaratxtdeg	2752	0	1835	0	0917	0	6422	0	0	0	0	0	367	0	8257	0	0	0	0917	0	0	0	10092	367	0	11009	0	0917	0	0	0	0	0	0	0	0	0	0	0	0	0	0	0	0	11927	0	2752	0	367	0	0	0	0	0	0	2752	0	0	0	367	0	1835	0	0	0	0	2752	2752	0	0	0	8257	9174	0	0	0	0	0	0	0	0	0	0	0	0	0	0	0	0	0	0	0	0	0	0	0	0	0	0	0	0	0	0	0	0	0	0	0
shritxtdeg	1449	5797	0	0	0	0	0	0	0	0	0	0	4348	11594	2899	2899	5797	0	1449	0	0	0	8696	1449	0	0	0	0	0	0	0	0	0	0	0	4348	5797	4348	4348	0	0	0	0	2899	1449	4348	2899	1449	1449	0	0	0	0	0	0	0	0	0	5797	1449	2899	1449	0	0	0	0	1449	0	0	0	0	2899	4348	0	0	0	0	0	0	0	0	0	0	0	0	0	0	0	0	0	0	0	0	0	0	0	0	0	0	0	0	0	0	0	0	0	0	0
shuddh_kalyantxtdeg	6047	3256	2326	0	093	7442	1395	0	0	0	0	0	5581	4651	10698	0	2326	0	0	0	0	2326	13953	6047	0	3256	093	0465	0	0	0	0	0	0	0	0	0	093	093	0	0	0	093	0	6047	186	2326	093	0	0	0	0	0	0	0	6047	0	186	0	2326	2326	0	0	0	0	0	0465	1395	0	0	0	0	0	0	0	0	0	0	0	0	0	0	0	0	0	0	0	0	0	0	0	0	0	0	0	0	0	0	0	0	0	0	0	0	0	0	0	0
shuddh_sarangtxtdeg	4878	0	0	2439	0	0	7317	0	0	0	0	0	4878	4878	0	7317	0	0	2439	0	0	0	0	0	0	0	0	0	0	0	0	0	0	0	9756	0	14634	7317	0	0	0	0	0	2439	0	4878	2439	0	2439	0	0	0	0	0	0	2439	0	0	0	2439	0	0	0	0	0	0	4878	2439	0	0	0	4878	4878	0	0	0	0	0	0	0	0	0	0	0	0	0	0	0	0	0	0	0	0	0	0	0	0	0	0	0	0	0	0	0	0	0	0	0
shyam_kalyantxtdeg	2703	4054	0	1351	0	0	1351	0	0	0	0	0	4054	1351	0	5405	0	0	2703	0	0	0	1351	5405	8108	0	0	0	0	0	0	0	0	0	2703	6757	5405	5405	1351	0	0	0	0	2703	2703	1351	12162	1351	0	0	0	0	0	0	0	0	0	0	0	1351	4054	4054	0	0	0	0	2703	1351	0	0	1351	2703	2703	0	0	0	0	0	0	0	0	0	0	0	0	0	0	0	0	0	0	0	0	0	0	0	0	0	0	0	0	0	0	0	0	0	0	0
sindhuratxtdeg	102	7143	102	0	102	0	3061	0	0	0	0	0	5102	102	4082	4082	0	0	2041	0	0	102	8163	4082	0	0	0	0	0	0	0	0	0	0	0	4082	0	6122	0	0	0	0	0	0	0	5102	102	9184	0	0	0	0	0	0	0	5102	0	0	102	5102	6122	3061	0	0	0	0	102	0	0	0	2041	5102	3061	0	0	0	0	0	0	0	0	0	0	0	0	0	0	0	0	0	0	0	0	0	0	0	0	0	0	0	0	0	0	0	0	0	0	0
sohinitxtdeg	7229	241	241	1205	0	0	3614	0	0	0	0	0	7229	0	1205	0	0	0	0	0	0	0	3614	3614	9639	0	0	0	0	0	0	0	0	0	0	9639	4819	0	7229	241	0	0	0	0	0	0	0	0	0	0	0	0	0	0	0	0	0	0	8434	0	1205	8434	0	0	0	0	241	241	0	0	0	9639	1205	0	0	0	0	0	0	0	0	0	0	0	0	0	0	0	0	0	0	0	0	0	0	0	0	0	0	0	0	0	0	0	0	0	0	0
sur_malhartxtdeg	1596	3191	0	1064	2128	0	3723	0	0	0	0	0	1596	4787	0	7447	0532	0	266	0	0	0	0	0	0	0	0	0	0	0	0	0	0	1064	7979	0	5851	6383	0	2128	0	0	266	0	0	5319	3723	4255	5851	0	0	0	0	0	0	0	0532	0	1596	4255	1064	1596	0	0	0	0	5319	0532	0	2128	4255	3723	1064	0	0	0	0	0	0	0	0	0	0	0	0	0	0	0	0	0	0	0	0	0	0	0	0	0	0	0	0	0	0	0	0	0	0	0
tilak_kamodtxtdeg	13158	0	7895	2632	0	0	2632	0	0	0	0	0	5263	0	7895	0	2632	0	0	0	0	5263	13158	0	0	0	0	0	0	0	0	0	0	0	2632	2632	2632	0	0	2632	0	0	2632	0	0	2632	5263	2632	2632	0	0	0	0	0	0	0	0	0	2632	0	0	0	0	0	0	0	2632	0	0	0	5263	0	2632	0	0	0	0	0	0	0	0	0	0	0	0	0	0	0	0	0	0	0	0	0	0	0	0	0	0	0	0	0	0	0	0	0	0	0
tilangtxtdeg	0	0	4167	0	4167	0	0	0	0	0	0	0	0	0	0	0	0	0	0	0	0	4167	0	125	8333	4167	0	0	0	0	0	0	0	0	0	8333	0	8333	0	4167	0	0	0	0	4167	125	0	0	8333	0	0	0	0	0	0	0	0	0	0	0	0	0	0	0	0	0	4167	0	0	0	8333	0	4167	0	0	0	0	0	0	0	0	0	0	0	0	0	0	0	0	0	0	0	0	0	0	0	0	0	0	0	0	0	0	0	0	0	0	0
yamantxtdeg	0	0	0	0	0	0	3226	0	0	0	0	0	3226	0	9677	0	0	0	3226	0	0	0	12903	0	6452	0	0	0	0	0	0	0	0	0	0	6452	6452	0	6452	0	0	0	0	0	0	3226	0	0	0	0	0	0	0	0	0	0	0	0	3226	3226	3226	9677	0	0	0	0	3226	3226	3226	0	0	9677	0	0	0	0	0	0	0	0	0	0	0	0	0	0	0	0	0	0	0	0	0	0	0	0	0	0	0	0	0	0	0	0	0	0	0	0
